translation:
  x: -0.336257765
  y: 0.991350657
  z: 0.992409231
rotation:
  x: 1.0
  y: 0.0
  z: 0.0
  w: 0.0
