translation:
  x: -0.336257765
  y: 0.991350657
  z: 0.992409231
rotation:
  x: 0.466880031
  y: 0.485427915
  z: -0.491739623
  w: 0.551883064
